40.925550 10.071937 0
35.903677 9.119740 0
39.002130 10.938642 0
42.600223 6.846271 0
39.955351 9.582186 0
44.205327 11.005156 0
40.574508 8.728030 0
38.991750 7.569568 0
44.987398 10.865215 0
39.120029 10.956557 0
36.037028 7.792822 0
45.348218 6.013556 0
43.941816 7.619104 0
40.654310 8.738850 0
45.652226 7.931849 0
44.464785 9.233145 0
45.412835 9.122847 0
43.551380 6.199168 0
37.749855 6.090098 0
37.212311 8.715077 0
38.181653 8.896272 0
41.611609 9.224723 0
41.577553 10.551709 0
36.119940 6.900441 0
41.936578 10.255388 0
39.586607 7.020076 0
36.672264 10.251773 0
39.130003 8.696106 0
40.079067 10.412276 0
44.417004 7.164452 0
41.680744 6.024245 0
40.872860 10.938014 0
37.079571 9.222114 0
37.704949 6.635294 0
44.123928 8.846661 0
43.076772 10.179496 0
37.014336 8.609483 0
40.135240 11.102004 0
40.579269 9.770479 0
35.877681 6.747273 0
45.423161 10.594699 0
40.683013 9.831240 0
38.110120 6.149959 0
42.752019 9.677251 0
42.193947 9.437019 0
43.992043 10.637373 0
44.442268 10.129811 0
38.688909 7.153493 0
41.201211 6.661299 0
39.945559 10.530507 0
37.556278 7.266294 0
41.350121 9.668558 0
42.798829 5.969914 0
41.422783 10.325548 0
38.299639 8.032963 0
42.130330 9.274360 0
43.257886 7.775942 0
36.946714 10.484827 0
38.495257 7.967498 0
45.193321 6.075898 0
36.992661 7.918094 0
43.704531 10.993744 0
38.058625 9.347352 0
45.671743 6.349056 0
44.546923 8.600292 0
41.468182 7.448803 0
42.428650 8.752954 0
39.073624 7.404708 0
43.854328 10.577764 0
36.108113 7.764181 0
36.125508 9.503971 0
44.086214 10.343094 0
40.531853 7.215896 0
38.117719 8.049104 0
37.956719 10.217032 0
40.255077 6.701007 0
37.870965 7.231551 0
38.448752 6.386370 0
44.123527 6.224067 0
45.237971 7.880404 0
40.020181 6.465918 0
45.320175 6.390002 0
36.778609 7.817865 0
35.775963 7.524032 0
45.111066 8.618527 0
39.755455 7.422513 0
45.247712 9.854015 0
43.156513 9.041903 0
39.531102 8.065147 0
40.375327 9.221946 0
41.182795 6.703381 0
38.878640 8.745583 0
40.413773 10.330029 0
43.637064 5.972979 0
37.491146 7.873060 0
38.280766 10.792145 0
42.905618 6.830069 0
42.990748 8.354619 0
40.929096 5.999775 0
41.723065 6.676515 0
45.461683 8.594447 0
40.305865 2.695974 1
42.755340 2.044722 1
44.734941 1.286117 1
43.910257 4.027966 1
41.115669 5.173988 1
42.868055 5.595072 1
45.382217 3.464268 1
36.312847 3.567830 1
39.065572 4.530300 1
43.197027 3.471176 1
39.269436 3.442198 1
45.247259 2.802735 1
43.007385 4.037951 1
45.283793 2.231193 1
43.303316 4.165163 1
35.917122 3.628290 1
36.357033 4.653357 1
42.831255 2.808649 1
42.351767 1.590186 1
36.507527 5.029816 1
39.081157 3.390502 1
37.197912 4.035614 1
39.074714 5.050228 1
36.384905 2.048694 1
42.668410 1.972690 1
41.373849 1.327283 1
36.497341 3.374779 1
37.199683 2.840268 1
37.883474 3.257762 1
40.101284 4.573524 1
44.348375 5.415845 1
45.605207 3.149041 1
37.564971 5.354937 1
39.226955 1.486648 1
36.598277 2.748028 1
43.040561 3.348512 1
40.059293 2.798773 1
40.825317 4.477604 1
42.130921 3.572752 1
42.441617 3.385990 1
41.739754 1.999850 1
36.939517 4.241975 1
43.860871 2.487862 1
36.931343 3.782733 1
40.034526 1.554887 1
39.485511 1.747143 1
44.105304 3.772803 1
36.662842 4.209247 1
38.020543 1.831174 1
43.973845 2.133474 1
45.414005 2.333417 1
42.739987 2.016011 1
39.569170 3.611861 1
38.619768 1.746552 1
43.606405 2.271224 1
41.694157 1.526827 1
43.738165 2.787603 1
45.305395 1.708467 1
44.273586 2.996601 1
38.583094 2.077329 1
37.546359 2.944364 1
37.578018 1.164301 1
42.538140 5.743938 1
42.584819 5.815208 1
45.344126 2.833002 1
43.914441 3.017874 1
44.388987 2.108086 1
36.554850 3.325136 1
44.161565 4.284138 1
41.557284 1.334895 1
44.960415 3.766086 1
43.034314 1.670698 1
41.074760 3.840181 1
43.171901 4.599751 1
40.160857 3.649741 1
40.427897 2.280980 1
42.668319 4.651259 1
43.685024 2.870836 1
37.994554 3.108557 1
37.892125 5.621936 1
45.576803 2.652694 1
39.303098 5.408323 1
37.984085 2.714309 1
37.326225 1.339773 1
39.038165 2.317063 1
35.778337 5.327912 1
40.016468 1.224963 1
36.304964 4.798197 1
43.296510 1.552430 1
40.903911 2.270270 1
43.145803 5.332148 1
37.827071 2.838829 1
45.513795 5.145895 1
44.040389 2.510683 1
39.938687 2.749217 1
45.611001 2.677879 1
43.032602 1.586629 1
36.592079 1.503671 1
45.286720 4.539532 1
5.487280 46.332325 2
3.508893 54.387671 2
0.639076 54.339065 2
0.745320 53.743429 2
1.747398 48.607781 2
2.346225 46.980195 2
5.964271 46.743354 2
1.040427 48.847662 2
5.648693 51.473550 2
5.237954 52.504930 2
-1.784502 52.495775 2
2.793489 48.561985 2
2.570068 50.435607 2
-2.418816 49.910801 2
-0.476128 50.051221 2
2.595355 45.121477 2
4.727318 46.214573 2
-2.147079 45.476720 2
-1.102589 48.708566 2
-2.436078 50.755134 2
5.660120 50.020473 2
6.079101 51.734716 2
5.107600 47.229853 2
-1.073849 50.866618 2
7.047177 54.274429 2
1.715321 45.373000 2
5.113977 44.619135 2
2.278757 47.794370 2
3.398515 49.970266 2
6.048944 53.032712 2
-1.634740 48.754624 2
6.497963 53.202904 2
3.312970 44.461209 2
7.023396 52.320706 2
1.513548 44.697644 2
1.419613 47.283993 2
3.061889 47.609039 2
-2.637518 48.279814 2
3.182666 46.398957 2
-2.509795 50.340167 2
-0.982841 49.315851 2
4.056940 54.241462 2
2.278759 46.446022 2
0.379605 45.787599 2
4.760062 46.538874 2
-2.835916 53.235647 2
3.637271 53.772372 2
4.782323 47.060567 2
6.577353 51.916045 2
-2.274955 48.201226 2
4.957461 49.254983 2
3.828992 48.129676 2
5.207796 51.301798 2
4.753263 48.500786 2
6.044529 52.353793 2
-2.815273 45.172013 2
0.013417 51.351992 2
-2.242752 52.402501 2
6.141787 48.247178 2
6.533872 51.012173 2
3.129825 53.808281 2
2.591593 46.877422 2
5.924426 47.484241 2
2.281761 52.612104 2
-2.255941 50.117132 2
-0.842897 52.811845 2
-2.284112 53.096420 2
-0.714706 53.034008 2
2.741991 54.148882 2
-0.121433 48.896845 2
4.846448 47.173619 2
2.412631 44.970190 2
6.869384 50.280203 2
5.716463 53.121496 2
6.871154 52.360661 2
2.477442 50.111305 2
4.512715 45.179360 2
5.332499 50.547466 2
1.007374 47.724586 2
1.503343 48.861758 2
6.185490 50.770771 2
0.017377 54.011703 2
2.210963 49.412996 2
5.389484 45.063279 2
1.905651 45.378377 2
2.303896 46.862424 2
0.895769 44.826852 2
0.176387 47.875478 2
3.450828 46.003176 2
-0.659254 50.432308 2
6.707609 51.928513 2
-1.112615 51.330649 2
5.451646 54.330210 2
0.221888 46.569346 2
0.398568 51.835555 2
3.774877 46.694383 2
0.950099 53.902579 2
-0.950141 53.271387 2
1.659348 44.549668 2
6.678439 53.675324 2
-1.728183 49.092660 2
-1.118479 49.277911 2
2.263285 49.168233 2
5.497162 45.824439 2
3.515182 44.948233 2
4.600520 50.333116 2
5.220519 53.598230 2
0.007538 50.782491 2
6.272213 50.339751 2
5.695610 46.781106 2
0.519080 49.580812 2
1.819262 51.579504 2
1.827164 50.979446 2
3.194664 53.596836 2
3.872887 49.983428 2
5.615933 52.255029 2
-2.580139 44.607779 2
-0.123287 49.793472 2
2.119785 45.484200 2
3.961683 45.745292 2
-1.223794 48.672528 2
4.422181 54.107051 2
0.614531 44.540045 2
3.233314 46.997069 2
3.223569 49.039249 2
2.121947 53.852974 2
6.963834 54.051534 2
3.776250 48.901323 2
3.374753 47.081239 2
0.841932 47.357965 2
5.408440 46.568190 2
-2.043233 52.938626 2
-0.480258 47.943805 2
1.075871 51.749853 2
1.771778 45.147879 2
5.838918 50.658310 2
2.164180 50.371425 2
3.109133 52.889036 2
3.255242 46.452772 2
-1.770122 46.589137 2
3.835795 50.462150 2
-1.214117 50.909954 2
2.857458 52.672459 2
-1.844950 46.342536 2
-1.902529 49.107307 2
2.044274 53.616236 2
4.019270 50.111365 2
4.898635 53.649338 2
6.398944 46.084831 2
3.742964 48.281047 2
-0.423517 49.692207 2
-2.716871 51.850989 2
-1.592596 50.502588 2
3.083798 51.772972 2
5.299133 51.424001 2
6.705881 49.245253 2
0.229924 45.602090 2
-1.501021 53.197707 2
6.618322 46.764354 2
-2.115984 44.826118 2
4.215434 50.038615 2
6.786127 48.345029 2
-1.506247 51.795088 2
0.338140 45.003022 2
6.223692 54.191428 2
1.627841 45.910500 2
2.227408 49.021296 2
6.105262 50.745137 2
-2.132344 49.299385 2
0.861882 53.277114 2
-0.932841 47.678088 2
0.866140 49.407408 2
1.623951 49.475444 2
0.948888 48.352598 2
4.583571 48.943229 2
1.522489 48.909330 2
-2.674383 48.418941 2
5.598132 45.929695 2
-1.442198 46.046597 2
-0.723510 44.891819 2
-1.418202 51.014656 2
-0.853908 50.919531 2
-1.620275 45.361679 2
0.008441 46.357706 2
3.004837 50.980648 2
-2.021406 52.182320 2
7.002508 48.955059 2
-0.066498 48.736784 2
6.774276 50.992715 2
5.433155 51.468172 2
-1.720282 47.065968 2
-1.278725 45.715660 2
3.828682 44.429732 2
-0.010872 52.496809 2
-1.179899 49.375942 2
5.732401 47.512224 2
-1.265629 44.988818 2
6.775528 47.224421 2
-1.305731 46.894294 2
1.925901 51.809431 2
-16.199040 -35.016983 3
-20.631086 -30.250927 3
-15.226505 -34.730031 3
-14.036413 -38.571438 3
-13.739170 -34.989215 3
-15.532176 -33.417457 3
-17.723787 -39.539482 3
-19.310831 -33.670093 3
-14.667686 -36.261373 3
-21.328834 -34.828712 3
-21.377788 -32.183715 3
-20.898869 -31.773810 3
-18.270023 -30.542264 3
-13.980683 -32.202152 3
-21.418404 -39.050083 3
-12.325474 -34.242847 3
-15.514452 -39.581963 3
-15.941160 -37.366360 3
-15.759380 -36.602977 3
-17.385184 -36.123954 3
-13.039577 -39.542764 3
-20.988797 -37.388768 3
-20.529631 -36.925031 3
-12.506246 -31.822720 3
-14.633789 -30.460483 3
-18.098818 -32.636980 3
-14.091583 -35.623089 3
-15.858176 -38.987009 3
-17.612739 -36.464263 3
-12.636548 -35.656547 3
-16.961731 -31.587425 3
-21.346780 -39.101586 3
-12.616774 -33.913344 3
-17.915332 -35.001557 3
-11.963706 -31.925919 3
-12.572896 -31.628687 3
-12.916069 -30.187096 3
-20.464840 -40.071103 3
-18.559512 -39.596489 3
-13.341209 -39.818705 3
-21.504358 -38.065429 3
-13.903071 -32.221345 3
-15.135905 -36.386650 3
-12.655740 -39.374047 3
-14.298298 -31.917691 3
-16.477980 -37.885433 3
-14.952501 -34.450163 3
-18.434405 -34.194678 3
-19.810892 -32.975140 3
-20.643621 -38.400001 3
-16.348445 -39.841920 3
-21.476074 -35.889917 3
-21.476402 -38.566317 3
-17.408405 -36.661317 3
-19.610192 -37.375017 3
-17.927408 -37.739953 3
-16.887832 -38.455882 3
-21.408683 -38.649140 3
-16.289917 -30.689826 3
-19.470573 -37.213619 3
-14.054903 -32.573955 3
-16.546437 -35.632807 3
-18.471504 -31.606245 3
-21.274871 -34.907799 3
-16.028770 -38.543895 3
-14.755186 -39.002619 3
-19.833201 -32.856663 3
-16.339921 -37.935006 3
-12.870366 -30.373729 3
-16.043709 -39.105961 3
-19.196132 -30.596520 3
-18.293299 -32.709367 3
-20.499787 -36.327386 3
-12.805893 -33.415108 3
-18.464598 -38.901868 3
-12.076112 -39.144904 3
-12.923209 -35.247953 3
-16.225097 -38.020117 3
-18.301583 -34.125371 3
-14.375301 -30.955757 3
-14.116651 -35.755891 3
-21.405761 -30.575255 3
-20.059940 -34.371085 3
-19.957646 -39.555709 3
-16.192200 -32.626758 3
-20.109055 -32.013735 3
-14.670664 -35.027758 3
-16.170488 -31.795854 3
-12.802529 -35.601784 3
-16.658348 -37.892531 3
-15.951038 -35.359863 3
-18.484821 -35.499650 3
-12.055201 -31.335321 3
-14.967153 -36.982188 3
-16.908077 -35.967857 3
-19.385330 -37.650132 3
-13.171134 -37.416494 3
-19.672773 -39.856477 3
-13.234965 -36.255822 3
-20.859571 -36.052568 3
-20.329966 -37.594029 3
-19.513689 -31.626033 3
-14.069172 -32.309580 3
-14.869273 -33.497105 3
-19.358749 -38.153024 3
-12.837022 -31.935190 3
-14.960273 -37.947245 3
-18.882226 -33.640877 3
-20.729952 -30.474782 3
-12.070451 -34.263432 3
-17.890025 -38.081184 3
-13.360950 -37.686562 3
-16.945064 -39.659126 3
-18.990424 -36.805432 3
-17.362333 -36.475398 3
-14.305386 -34.317703 3
-15.516813 -30.444479 3
-17.391122 -36.211388 3
-14.201444 -38.885798 3
-21.155879 -30.185597 3
-18.486208 -30.618304 3
-13.568173 -40.071884 3
-20.012935 -39.075802 3
-15.160147 -37.368290 3
-20.997970 -33.856001 3
-13.079108 -35.513398 3
-13.384570 -33.065461 3
-14.647345 -36.955037 3
-14.171972 -30.263172 3
-15.207855 -38.159709 3
-18.185956 -36.138645 3
-13.924798 -30.328172 3
-18.030509 -37.941323 3
-17.986946 -38.857357 3
-18.274507 -35.768228 3
-20.490339 -33.386118 3
-17.833918 -30.683916 3
-14.905388 -34.472256 3
-21.207104 -36.690938 3
-13.287932 -38.830477 3
-11.994325 -32.992443 3
-15.791261 -32.004298 3
-17.505290 -37.064009 3
-20.406721 -38.302665 3
-18.774567 -32.239980 3
-17.909760 -33.585926 3
-19.826010 -38.459961 3
-15.361484 -34.481922 3
-17.848669 -39.973833 3
-14.786665 -32.748579 3
-17.189447 -31.902407 3
-17.582083 -31.648768 3
-14.033709 -39.112874 3
-17.568410 -31.866216 3
-17.251198 -37.481744 3
-12.144078 -35.870926 3
-11.921573 -34.560742 3
-19.322610 -36.052266 3
-13.072137 -36.354735 3
-15.802317 -38.472107 3
-20.042101 -30.337481 3
-13.505419 -36.493514 3
-20.244827 -35.492307 3
-12.422822 -34.718900 3
-16.913525 -33.834890 3
-18.914865 -30.728376 3
-17.184683 -33.122351 3
-13.824529 -37.843795 3
-13.682611 -38.018342 3
-21.157396 -37.559213 3
-16.947472 -39.926878 3
-14.877525 -35.494448 3
-15.935005 -30.825539 3
-12.994100 -35.632545 3
-18.627660 -35.421821 3
-15.552038 -35.295163 3
-17.206687 -35.682861 3
-13.236063 -34.076917 3
-12.622553 -32.284288 3
-20.243203 -36.161481 3
-17.566564 -35.783471 3
-18.337243 -31.376650 3
-20.353208 -38.787175 3
-20.667831 -30.661223 3
-18.252903 -38.450630 3
-19.667822 -31.825778 3
-19.824893 -31.170750 3
-18.767612 -32.385302 3
-13.443674 -38.387115 3
-19.465233 -38.696737 3
-15.256321 -31.642674 3
-15.439286 -39.088411 3
-18.772920 -35.300752 3
-14.612714 -38.020877 3
-19.032426 -31.481320 3
-15.629744 -33.224393 3
-18.712177 -30.592389 3
-16.048429 -35.690789 3
-20.826950 -33.341663 3
-17.799397 -35.705256 3
7.365023 -22.282820 4
11.257595 -19.785088 4
8.482645 -27.373035 4
13.680601 -28.601306 4
12.151013 -21.665391 4
11.565661 -21.635694 4
8.337057 -26.614840 4
12.149385 -19.704486 4
9.988449 -28.662876 4
9.725981 -27.577711 4
11.437037 -23.400859 4
10.064804 -27.184872 4
7.386937 -21.937449 4
10.988363 -21.151228 4
10.413555 -29.092485 4
7.685952 -25.412049 4
14.252005 -24.247081 4
10.430173 -20.455978 4
14.007193 -29.079853 4
16.570025 -27.032422 4
14.882065 -25.054941 4
6.959193 -19.971505 4
13.957528 -24.082049 4
15.951318 -29.244650 4
12.882384 -27.513328 4
8.804948 -28.871207 4
14.713122 -24.320875 4
9.571231 -21.090568 4
9.368986 -22.631034 4
13.385513 -23.408086 4
13.903791 -22.119163 4
16.807175 -25.034831 4
9.261066 -25.953280 4
10.136500 -19.922369 4
10.594176 -26.484102 4
8.672518 -27.714387 4
14.088266 -27.558916 4
7.941417 -25.144833 4
13.986344 -29.297893 4
11.237826 -26.321900 4
8.816088 -23.147853 4
10.434203 -19.661417 4
8.158581 -23.185194 4
14.875324 -25.663060 4
9.811082 -24.929790 4
16.556163 -19.475755 4
8.578357 -19.827290 4
11.116723 -25.351205 4
9.846739 -21.937405 4
10.353735 -22.749712 4
7.205802 -24.164374 4
15.163210 -21.896559 4
13.904019 -20.086001 4
8.585917 -25.300265 4
16.243416 -23.366884 4
14.005145 -28.131123 4
9.112572 -28.751280 4
7.834769 -25.919474 4
13.690835 -20.480534 4
14.044774 -19.688710 4
10.216985 -22.589690 4
16.462844 -24.395286 4
13.210329 -25.611061 4
15.880818 -20.133559 4
8.078844 -26.956074 4
12.744038 -27.905981 4
14.506861 -25.283380 4
15.824770 -24.779748 4
10.257929 -28.779940 4
15.547297 -26.689283 4
13.480484 -23.638186 4
10.806903 -20.597571 4
13.237843 -24.548955 4
9.110263 -26.261948 4
10.597820 -20.035590 4
9.676650 -22.375822 4
13.002030 -27.051133 4
8.856201 -26.978269 4
12.965116 -28.453608 4
8.515481 -22.146668 4
10.217627 -21.931109 4
15.574661 -28.466139 4
8.412821 -21.791197 4
12.381423 -24.519878 4
15.056172 -25.261908 4
14.418148 -24.653971 4
16.727216 -27.965576 4
10.375767 -23.225568 4
13.112779 -23.704597 4
16.139792 -19.480028 4
11.887123 -27.374185 4
13.771459 -28.301475 4
11.201992 -20.562968 4
10.347565 -29.023520 4
16.610734 -24.327581 4
14.457122 -26.362266 4
9.368619 -23.158845 4
10.798904 -25.409187 4
10.677268 -20.010300 4
15.698244 -27.457187 4
10.355101 -23.074235 4
13.516151 -26.108311 4
14.587498 -29.298709 4
16.293430 -25.490350 4
12.624003 -20.757405 4
10.656930 -28.679502 4
7.495720 -28.762238 4
8.646332 -24.492915 4
16.302103 -24.196730 4
12.110874 -20.277790 4
7.102998 -26.622632 4
8.987253 -26.719010 4
15.845833 -23.404470 4
13.499111 -26.667526 4
12.212539 -23.993272 4
11.502596 -20.622987 4
8.559802 -28.171881 4
8.896011 -20.043327 4
8.156719 -28.001186 4
10.093632 -22.409905 4
16.868719 -22.440065 4
14.537902 -28.826188 4
14.425006 -20.006394 4
12.308205 -22.463518 4
11.424185 -28.771548 4
12.886001 -24.663445 4
10.233130 -21.317374 4
14.244854 -27.111665 4
10.905466 -25.446662 4
11.848118 -20.072623 4
16.187376 -19.839913 4
14.931699 -28.443450 4
7.615516 -19.362917 4
7.140532 -27.418392 4
8.263207 -25.956464 4
15.799012 -28.058702 4
7.230780 -22.853714 4
8.742419 -21.534842 4
12.767201 -22.140003 4
11.628949 -28.999241 4
14.715758 -28.675677 4
11.964624 -28.241740 4
15.634258 -26.981149 4
10.273905 -26.650903 4
13.199499 -21.068604 4
8.903783 -23.803753 4
14.718792 -19.355145 4
13.380106 -20.856320 4
16.909247 -22.669989 4
7.352597 -28.018174 4
7.000856 -20.039019 4
9.550434 -28.958992 4
12.734577 -24.897775 4
15.133476 -27.688849 4
8.589531 -26.428202 4
8.939219 -19.885338 4
10.523429 -22.286784 4
7.500231 -27.032940 4
16.359376 -25.416491 4
11.943466 -23.631753 4
9.142214 -22.343378 4
8.191803 -29.329622 4
13.928786 -21.618718 4
15.441368 -22.352595 4
11.338601 -20.396662 4
15.256541 -24.851170 4
15.191629 -28.383653 4
11.817148 -25.264422 4
12.345882 -26.240004 4
12.674038 -22.255214 4
12.959103 -21.577370 4
13.486757 -19.708095 4
11.763155 -22.203639 4
8.886275 -25.068097 4
8.007178 -22.360886 4
6.927459 -26.041235 4
10.923045 -28.071365 4
10.256452 -28.338797 4
15.937226 -27.492807 4
14.935918 -25.914800 4
7.737840 -22.998169 4
14.861339 -20.261159 4
14.245488 -26.512141 4
10.101729 -26.599258 4
12.875165 -20.414861 4
16.772837 -27.356359 4
13.635078 -22.931034 4
8.562855 -27.792395 4
10.492636 -25.741497 4
12.766817 -24.690813 4
7.524926 -23.496351 4
14.895261 -24.742657 4
14.059594 -28.038914 4
12.545855 -23.193808 4
10.095588 -25.708854 4
16.518701 -25.357199 4
6.920286 -21.810587 4
10.008952 -22.024854 4
7.304582 -23.079947 4
7.003198 -23.010881 4
36.454203 -26.830579 4
35.853405 -27.887165 4
31.294162 -29.961369 4
27.602364 -28.622314 4
35.766694 -33.972033 4
35.148677 -31.182850 4
35.836882 -31.715738 4
30.150614 -28.407279 4
33.940987 -36.671946 4
36.158195 -34.985079 4
32.306674 -27.104888 4
29.497437 -35.825423 4
32.550473 -35.071006 4
31.692954 -31.843007 4
36.502287 -34.196678 4
34.095256 -28.466580 4
29.909508 -31.474409 4
34.583020 -30.219401 4
29.500986 -29.237686 4
32.095050 -36.155390 4
27.727046 -34.179343 4
33.598524 -27.859142 4
35.041684 -27.673932 4
34.670343 -32.440399 4
36.590887 -30.594531 4
33.511286 -32.525509 4
33.237345 -28.414347 4
32.585832 -35.635252 4
27.451412 -27.144283 4
33.458505 -27.469371 4
29.595803 -33.869309 4
35.000814 -31.917759 4
35.593046 -31.839236 4
28.799604 -36.329038 4
29.859843 -30.528416 4
28.452337 -33.836182 4
36.229006 -29.372209 4
29.241441 -30.152380 4
33.890624 -27.511286 4
28.343985 -30.941559 4
32.830948 -29.567800 4
27.469696 -35.354777 4
32.954618 -31.367541 4
29.946735 -31.017040 4
32.424940 -28.017830 4
32.450354 -29.402327 4
29.049626 -33.971902 4
29.616678 -36.780398 4
35.125626 -33.006788 4
27.827329 -36.437601 4
27.401561 -35.143404 4
30.662982 -27.792503 4
36.421151 -31.518647 4
32.991881 -31.111294 4
31.906831 -30.087205 4
28.883911 -36.685291 4
31.281760 -35.069463 4
28.896696 -27.186692 4
34.499760 -32.579639 4
32.733033 -34.498371 4
30.339296 -36.239683 4
37.036067 -32.034148 4
30.725179 -34.770326 4
32.122218 -35.572265 4
33.159651 -31.473523 4
28.926898 -30.861859 4
34.319837 -31.833190 4
32.282403 -30.682081 4
27.584927 -36.148787 4
29.143389 -31.931311 4
34.700773 -33.395770 4
32.320162 -35.440536 4
32.471531 -30.206211 4
28.309537 -34.451779 4
28.150914 -30.380500 4
31.986615 -32.932860 4
34.316581 -32.400389 4
35.969756 -36.381310 4
33.766050 -33.331096 4
28.983189 -34.497369 4
36.132145 -33.512983 4
35.577536 -30.971087 4
35.590592 -33.563131 4
29.283596 -28.247551 4
31.224847 -32.996085 4
30.757902 -35.497450 4
34.544909 -28.345006 4
29.998778 -34.406630 4
32.385547 -33.114755 4
32.078355 -30.886609 4
27.441509 -27.358100 4
37.117296 -29.664981 4
31.178276 -28.336018 4
34.890473 -36.478744 4
29.269650 -27.549408 4
29.960651 -36.021275 4
29.874374 -35.884882 4
33.944403 -35.958104 4
31.488751 -28.195071 4
36.731109 -28.709472 4
29.745608 -33.934059 4
36.729843 -27.132553 4
28.657700 -34.694449 4
29.397581 -30.379822 4
33.127560 -29.947133 4
29.670334 -30.854001 4
33.631532 -34.635441 4
30.417783 -36.613262 4
27.965306 -36.114814 4
27.844758 -34.188115 4
37.272543 -33.617660 4
30.727375 -34.276153 4
31.434222 -36.751292 4
30.702508 -28.500097 4
35.990401 -33.989453 4
33.727195 -35.687061 4
33.013253 -30.966032 4
28.117151 -29.752116 4
35.276283 -33.908338 4
30.804826 -33.019227 4
37.081293 -30.947911 4
37.063537 -30.710245 4
35.353413 -33.941751 4
33.613257 -28.104351 4
30.880200 -29.965054 4
28.644299 -33.270327 4
27.354050 -32.051396 4
33.390285 -32.634799 4
32.134077 -27.330277 4
29.801869 -33.298592 4
29.617035 -27.894006 4
31.951112 -28.792782 4
32.076727 -31.354808 4
32.391866 -34.070060 4
35.673619 -28.226378 4
33.847478 -28.668158 4
31.762476 -30.512056 4
31.558362 -34.307181 4
36.482958 -36.251451 4
28.525233 -34.059912 4
34.720259 -34.253539 4
33.606525 -29.348762 4
34.631830 -34.426260 4
28.953204 -34.657163 4
29.180228 -32.667997 4
32.981009 -32.625808 4
30.374761 -36.490949 4
29.518175 -28.971582 4
33.091008 -29.513029 4
27.895122 -32.658444 4
33.197357 -29.680470 4
29.610163 -36.463237 4
30.744238 -30.254546 4
30.166346 -34.195874 4
34.430768 -32.731491 4
32.680978 -32.272044 4
33.951735 -35.135566 4
29.315959 -32.839505 4
31.374939 -33.153907 4
33.440097 -30.867904 4
35.114860 -35.001964 4
27.443053 -35.933448 4
29.443852 -34.461842 4
36.031734 -28.888211 4
36.961893 -27.496214 4
29.390110 -31.263820 4
33.760080 -32.422797 4
33.209708 -26.918752 4
28.259422 -28.047016 4
29.822139 -28.732881 4
30.158258 -28.919953 4
29.931840 -27.313077 4
36.881245 -32.175271 4
30.784182 -33.166886 4
35.607587 -27.198791 4
36.901975 -30.700623 4
28.736010 -27.078042 4
34.302693 -33.243208 4
29.396881 -31.088643 4
28.805345 -35.064296 4
32.351907 -33.227615 4
34.608649 -35.311083 4
35.286353 -33.604713 4
28.706930 -27.877296 4
29.285035 -32.894001 4
34.326588 -31.979777 4
29.122811 -27.164642 4
31.643910 -35.419014 4
31.596852 -28.994978 4
32.350865 -34.218631 4
34.742996 -32.170230 4
36.017511 -27.944064 4
31.688492 -31.102866 4
29.749492 -30.337697 4
28.745256 -32.868233 4
35.534772 -30.325907 4
34.840917 -31.279649 4
35.299775 -31.295801 4
36.052402 -27.416365 4
31.763668 -36.085633 4
